0.224 0.112 0.076 -0.038 2.947368421052632 0.192 0.198 0.137 0.249 1000 1000
2025-01-04 18:23:53 横向温度: 295.575 293.15 纵向温度: 297.834 293.15
2025-01-04 18:23:57 kpa:  412.438 213.513 热导率比例 1.932
0.088 0.044 0.212 -0.106 0.4150943396226415 0.206 0.091 0.288 0.431 1000 1000
2025-01-04 18:24:05 横向温度: 298.103 293.15 纵向温度: 298.301 293.15
2025-01-04 18:24:08 kpa:  201.902 194.129 热导率比例 1.04
0.246 0.123 0.054 -0.027 4.555555555555555 0.452 0.315 0.402 0.144 1000 1000
2025-01-04 18:24:17 横向温度: 299.943 293.15 纵向温度: 304.379 293.15
2025-01-04 18:24:19 kpa:  147.218 89.058 热导率比例 1.653
0.246 0.123 0.054 -0.027 4.555555555555555 0.294 0.303 0.18 0.347 1000 1000
2025-01-04 18:24:26 横向温度: 296.787 293.15 纵向温度: 301.741 293.15
2025-01-04 18:24:28 kpa:  274.968 116.397 热导率比例 2.362
0.062 0.031 0.238 -0.119 0.2605042016806723 0.208 0.313 0.13 0.028 1000 1000
2025-01-04 18:24:35 横向温度: 297.527 293.15 纵向温度: 294.9 293.15
